0	1535
1	1563
2	1569
3	1541
4	1573
5	1551
6	1567
7	1576
8	1577
9	1560
10	1507
11	1449
12	1521
13	1519
14	1520
15	1535
16	1520
17	1556
18	1458
19	1516
20	1515
21	1617
22	1513
23	1565
24	1578
25	1604
27	1373
28	1625
39	1428
41	1571
42	1606
43	1568
44	1547
45	1556
46	1528
47	1516
48	1547
49	1539
50	1532
51	1563
52	1529
53	1527
54	1546
55	1541
56	1321
57	1333
58	1515
59	1386
60	1592
61	1531
62	1527
63	1558
64	1535
65	1574
66	1569
67	1586
68	1479
69	1549
70	1572
71	1565
72	1621
73	1557
74	1545
75	1522
76	1550
77	1625
78	1548
79	1471
80	1625
81	1568
82	1535
83	1549
84	1580
85	1550
86	1549
87	1558
88	1555
89	1499
90	1571
91	1500
92	1508
93	1494
94	1544
95	1539
96	1514
97	1556
98	1526
99	1303
100	1538
101	1517
102	1550
103	1605
104	1510
105	1492
106	1541
107	1534
108	1619
109	1541
110	1535
111	1540
112	1503
113	1539
114	1552
115	1532
116	1500
117	1532
118	1575
119	1575
120	1513
121	1531
122	1516
123	1557
124	1566
125	1376
126	1609
127	1485
128	1537
129	1523
130	1514
131	1565
132	1543
133	1554
134	1518
135	1539
136	1530
137	1542
138	1515
139	1575
140	1522
141	1502
142	1498
143	1527
144	1521
145	1543
146	1572
147	1578
148	1572
149	1592
150	1563
151	1526
152	1517
153	1560
154	1548
155	1521
156	1545
157	1565
158	1570
159	1554
160	1502
161	1525
162	1531
163	1534
164	1300
165	1550
166	1500
167	1493
168	1528
169	1562
170	1613
171	1572
172	1539
173	1540
174	1562
175	1566
176	1554
177	1514
178	1536
179	1510
180	1625
181	1534
182	1496
183	1571
184	1503
185	1549
186	1534
187	1546
188	1445
189	1387
190	1573
191	1497
192	1524
193	1562
194	1540
195	1524
196	1624
197	1517
198	1542
199	1512
200	1511
201	1554
202	1492
203	1625
204	1539
205	1579
206	1541
207	1498
208	1507
209	1564
210	1559
211	1538
212	1545
213	1596
214	1616
215	1537
216	1506
217	1549
218	1514
219	1519
220	1564
221	1484
222	1531
223	1479
224	1525
225	1517
226	1521
227	1478
228	1560
229	1550
230	1568
231	1545
232	1548
233	1472
234	1565
235	1435
236	1523
237	1441
238	1540
239	1526
240	1535
241	1607
242	1512
243	1514
244	1547
245	1553
246	1606
247	1591
248	1562
249	1625
250	1595
251	1519
252	1620
253	1514
254	1576
255	1503
256	1426
257	1527
258	1534
259	1546
260	1514
261	1491
262	1562
263	1552
264	1531
265	1625
266	1502
267	1513
268	1619
269	1520
270	1532
271	1548
272	1583
273	1506
274	1565
275	1579
276	1508
277	1536
278	1552
279	1514
280	1528
281	1569
282	1555
283	1509
284	1516
285	1598
286	1520
287	1551
288	1537
289	1530
290	1507
291	1520
292	1603
293	1534
294	1519
295	1560
296	1548
297	1511
298	1500
299	1522
300	1530
301	1517
302	1516
303	1514
304	1524
305	1545
306	1534
307	1521
308	1561
309	1506
310	1506
312	1557
313	1518
314	1625
317	1625
320	1557
321	1518
322	1502
323	1517
324	1551
325	1558
326	1601
327	1550
328	1565
329	1486
330	1523
331	1545
332	1525
333	1524
334	1478
335	1499
336	1512
337	1519
338	1529
339	1543
340	1536
341	1559
342	1557
343	1554
344	1426
345	1516
346	1539
347	1556
348	1532
349	1616
350	1580
351	1579
352	1600
367	1562
368	1565
369	1567
370	1580
371	1533
372	1592
373	1540
374	1536
375	1550
376	1608
377	1528
378	1500
379	1547
380	1527
381	1509
382	1570
383	1508
384	1531
385	1572
386	1516
387	1478
388	1516
389	1528
390	1526
391	1556
392	1536
393	1546
394	1597
395	1523
396	1516
397	1619
398	1620
399	1589
403	1504
404	1554
406	1625
407	1534
409	1591
410	1546
411	1572
412	1541
413	1561
414	1401
415	1533
416	1557
417	1494
418	1532
419	1502
420	1550
421	1524
422	1561
423	1537
424	1586
425	1501
426	1544
427	1535
428	1545
429	1550
430	1545
431	1448
432	1524
433	1526
434	1535
435	1522
436	1522
437	1555
438	1364
439	1490
440	1558
441	1535
442	1562
443	1578
444	1522
445	1513
446	1508
447	1509
448	1519
449	1530
450	1547
451	1550
452	1564
453	1417
454	1539
455	1498
456	1547
457	1559
458	1496
459	1538
460	1485
461	1300
462	1509
463	1300
464	1546
465	1558
466	1556
467	1529
468	1625
469	1546
470	1544
471	1451
472	1544
473	1516
474	1553
475	1568
476	1561
477	1577
478	1573
479	1356
480	1538
481	1524
482	1513
483	1505
484	1531
485	1590
486	1507
487	1492
488	1525
489	1506
490	1513
491	1533
492	1575
493	1619
494	1534
495	1564
496	1531
497	1540
498	1537
499	1517
500	1533
501	1500
502	1331
503	1302
504	1560
505	1305
506	1544
507	1558
508	1521
509	1546
510	1546
511	1497
512	1583
513	1538
514	1561
515	1516
516	1550
517	1579
518	1570
519	1542
520	1541
521	1510
522	1593
523	1513
524	1521
525	1426
526	1576
527	1545
528	1543
529	1508
530	1503
531	1539
532	1519
533	1492
534	1533
535	1524
536	1522
537	1552
538	1500
539	1550
540	1496
541	1577
542	1516
543	1592
544	1507
545	1502
546	1514
547	1334
548	1563
549	1408
550	1534
551	1568
552	1514
553	1524
554	1568
555	1519
556	1515
557	1300
558	1521
559	1550
560	1609
561	1491
562	1549
563	1504
564	1586
565	1578
566	1556
567	1503
568	1563
569	1543
570	1516
571	1551
572	1434
573	1562
574	1321
575	1430
576	1520
577	1535
578	1513
579	1563
580	1558
581	1502
582	1424
583	1559
584	1625
585	1547
586	1542
587	1519
588	1533
589	1552
590	1536
591	1520
592	1518
593	1534
594	1549
595	1569
596	1545
597	1414
598	1557
599	1538
600	1532
601	1597
602	1531
603	1462
604	1519
605	1558
606	1555
607	1537
608	1556
609	1494
610	1493
611	1540
612	1511
613	1533
614	1533
615	1526
616	1547
617	1500
618	1543
619	1547
620	1540
621	1504
622	1550
623	1497
624	1517
625	1561
626	1519
627	1521
628	1553
629	1574
630	1522
631	1507
632	1491
633	1508
634	1503
635	1501
636	1564
637	1594
638	1536
639	1561
640	1445
641	1455
642	1559
643	1513
644	1531
645	1534
646	1531
647	1536
648	1608
649	1520
650	1536
651	1537
652	1531
653	1506
654	1467
655	1537
656	1562
657	1556
658	1427
659	1516
660	1546
661	1538
662	1523
663	1547
664	1515
665	1518
666	1570
667	1549
668	1522
669	1485
670	1560
671	1569
672	1543
673	1530
674	1572
675	1521
676	1534
677	1564
678	1465
680	1531
690	1531
693	1549
694	1547
695	1563
696	1517
697	1557
698	1499
699	1516
700	1543
701	1501
702	1456
703	1531
704	1539
705	1562
706	1559
707	1567
708	1496
709	1539
710	1577
711	1550
712	1523
713	1537
714	1513
715	1528
716	1509
717	1536
718	1531
719	1534
